Slabel:[
(1)'S1'
(2)'S2'
(3)'S3'
]

Dlabel:[
]

cost:[
(1, 2)10
(1, 3)19
(2, 1)10
(2, 3)10
(3, 1)19
(3, 2)10
]

u:100
m:5
Q:50

stat:[
(1)1
(2)2
(3)3
(4)1
(5)2
(6)3
(7)2
(8)3
(9)1
(10)3
(11)1
(12)2
]

b:[
(1, 2)50
(1, 3)50
(2, 1)50
(2, 3)50
(3, 1)50
(3, 2)50
]

Ar:[
(4, 5, 1)1
(5, 4, 1)1
(5, 6, 1)1
(6, 5, 1)1
(7, 8, 2)1
(8, 7, 2)1
(9, 10, 3)1
(10, 9, 3)1
(11, 12, 4)1
(12, 11, 4)1
]

As:[
(1, 4, 1)1
(1, 9, 1)1
(1, 11, 1)1
(2, 5, 2)1
(2, 7, 2)1
(2, 12, 2)1
(3, 6, 3)1
(3, 8, 3)1
(3, 10, 3)1
(4, 1, 1)1
(4, 9, 1)1
(4, 11, 1)1
(5, 2, 2)1
(5, 7, 2)1
(5, 12, 2)1
(6, 3, 3)1
(6, 8, 3)1
(6, 10, 3)1
(7, 2, 2)1
(7, 5, 2)1
(7, 12, 2)1
(8, 3, 3)1
(8, 6, 3)1
(8, 10, 3)1
(9, 1, 1)1
(9, 4, 1)1
(9, 11, 1)1
(10, 3, 3)1
(10, 6, 3)1
(10, 8, 3)1
(11, 1, 1)1
(11, 4, 1)1
(11, 9, 1)1
(12, 2, 2)1
(12, 5, 2)1
(12, 7, 2)1
]

