Slabel:[
(1)'S1'
(2)'S2'
(3)'S3'
(4)'S4'
]
 
Dlabel:[
(1)'S1-S2'
(2)'S1-S3'
(3)'S1-S4'
(4)'S2-S1'
(5)'S2-S3'
(6)'S2-S4'
(7)'S3-S1'
(8)'S3-S2'
(9)'S3-S4'
(10)'S4-S1'
(11)'S4-S2'
(12)'S4-S3'
]
 
cost:[
(1,2)10
(2,1)10
(1,3)19
(3,1)19
(1,4)28
(4,1)28
(2,3)10
(3,2)10
(2,4)19
(4,2)19
(3,4)10
(4,3)10
]
 

 
u: 100
m: 5
Q: 50
 
stat:[
(1)1
(2)2
(3)3
(4)4
(5)3
(6)4
(7)2
(8)4
(9)2
(10)3
(11)2
(12)3
(13)4
(14)1
(15)4
(16)1
(17)3
(18)1
(19)3
(20)4
(21)1
(22)2
(23)1
(24)2
(25)4
(26)1
(27)2
(28)3
(29)1
(30)2
(31)3
(32)4
]
 
b:[
(1,2)100
(1,3)200
(1,4)300
(2,1)100
(2,3)100
(2,4)200
(3,1)200
(3,2)100
(3,4)100
(4,1)300
(4,2)200
(4,3)100
]

Ar:[
(5,6,1)1
(6,5,1)1
(7,8,2)1
(8,7,2)1
(9,10,3)1
(10,9,3)1
(11,12,4)1
(12,11,4)1
(12,13,4)1
(13,12,4)1
(14,15,5)1
(15,14,5)1
(16,17,6)1
(17,16,6)1
(18,19,7)1
(19,18,7)1
(19,20,7)1
(20,19,7)1
(21,22,8)1
(22,21,8)1
(23,24,9)1
(24,23,9)1
(24,25,9)1
(25,24,9)1
(26,27,10)1
(27,26,10)1
(27,28,10)1
(28,27,10)1
(29,30,11)1
(30,29,11)1
(30,31,11)1
(31,30,11)1
(31,32,11)1
(32,31,11)1
]
 
As:[
(1,14,1)1
(14,1,1)1
(1,16,1)1
(16,1,1)1
(1,18,1)1
(18,1,1)1
(1,21,1)1
(21,1,1)1
(1,23,1)1
(23,1,1)1
(1,26,1)1
(26,1,1)1
(1,29,1)1
(29,1,1)1
(2,7,2)1
(7,2,2)1
(2,9,2)1
(9,2,2)1
(2,11,2)1
(11,2,2)1
(2,22,2)1
(22,2,2)1
(2,24,2)1
(24,2,2)1
(2,27,2)1
(27,2,2)1
(2,30,2)1
(30,2,2)1
(3,5,3)1
(5,3,3)1
(3,10,3)1
(10,3,3)1
(3,12,3)1
(12,3,3)1
(3,17,3)1
(17,3,3)1
(3,19,3)1
(19,3,3)1
(3,28,3)1
(28,3,3)1
(3,31,3)1
(31,3,3)1
(4,6,4)1
(6,4,4)1
(4,8,4)1
(8,4,4)1
(4,13,4)1
(13,4,4)1
(4,15,4)1
(15,4,4)1
(4,20,4)1
(20,4,4)1
(4,25,4)1
(25,4,4)1
(4,32,4)1
(32,4,4)1
(5,3,3)1
(3,5,3)1
(5,10,3)1
(10,5,3)1
(5,12,3)1
(12,5,3)1
(5,17,3)1
(17,5,3)1
(5,19,3)1
(19,5,3)1
(5,28,3)1
(28,5,3)1
(5,31,3)1
(31,5,3)1
(6,4,4)1
(4,6,4)1
(6,8,4)1
(8,6,4)1
(6,13,4)1
(13,6,4)1
(6,15,4)1
(15,6,4)1
(6,20,4)1
(20,6,4)1
(6,25,4)1
(25,6,4)1
(6,32,4)1
(32,6,4)1
(7,2,2)1
(2,7,2)1
(7,9,2)1
(9,7,2)1
(7,11,2)1
(11,7,2)1
(7,22,2)1
(22,7,2)1
(7,24,2)1
(24,7,2)1
(7,27,2)1
(27,7,2)1
(7,30,2)1
(30,7,2)1
(8,4,4)1
(4,8,4)1
(8,6,4)1
(6,8,4)1
(8,13,4)1
(13,8,4)1
(8,15,4)1
(15,8,4)1
(8,20,4)1
(20,8,4)1
(8,25,4)1
(25,8,4)1
(8,32,4)1
(32,8,4)1
(9,2,2)1
(2,9,2)1
(9,7,2)1
(7,9,2)1
(9,11,2)1
(11,9,2)1
(9,22,2)1
(22,9,2)1
(9,24,2)1
(24,9,2)1
(9,27,2)1
(27,9,2)1
(9,30,2)1
(30,9,2)1
(10,3,3)1
(3,10,3)1
(10,5,3)1
(5,10,3)1
(10,12,3)1
(12,10,3)1
(10,17,3)1
(17,10,3)1
(10,19,3)1
(19,10,3)1
(10,28,3)1
(28,10,3)1
(10,31,3)1
(31,10,3)1
(11,2,2)1
(2,11,2)1
(11,7,2)1
(7,11,2)1
(11,9,2)1
(9,11,2)1
(11,22,2)1
(22,11,2)1
(11,24,2)1
(24,11,2)1
(11,27,2)1
(27,11,2)1
(11,30,2)1
(30,11,2)1
(12,3,3)1
(3,12,3)1
(12,5,3)1
(5,12,3)1
(12,10,3)1
(10,12,3)1
(12,17,3)1
(17,12,3)1
(12,19,3)1
(19,12,3)1
(12,28,3)1
(28,12,3)1
(12,31,3)1
(31,12,3)1
(13,4,4)1
(4,13,4)1
(13,6,4)1
(6,13,4)1
(13,8,4)1
(8,13,4)1
(13,15,4)1
(15,13,4)1
(13,20,4)1
(20,13,4)1
(13,25,4)1
(25,13,4)1
(13,32,4)1
(32,13,4)1
(14,1,1)1
(1,14,1)1
(14,16,1)1
(16,14,1)1
(14,18,1)1
(18,14,1)1
(14,21,1)1
(21,14,1)1
(14,23,1)1
(23,14,1)1
(14,26,1)1
(26,14,1)1
(14,29,1)1
(29,14,1)1
(15,4,4)1
(4,15,4)1
(15,6,4)1
(6,15,4)1
(15,8,4)1
(8,15,4)1
(15,13,4)1
(13,15,4)1
(15,20,4)1
(20,15,4)1
(15,25,4)1
(25,15,4)1
(15,32,4)1
(32,15,4)1
(16,1,1)1
(1,16,1)1
(16,14,1)1
(14,16,1)1
(16,18,1)1
(18,16,1)1
(16,21,1)1
(21,16,1)1
(16,23,1)1
(23,16,1)1
(16,26,1)1
(26,16,1)1
(16,29,1)1
(29,16,1)1
(17,3,3)1
(3,17,3)1
(17,5,3)1
(5,17,3)1
(17,10,3)1
(10,17,3)1
(17,12,3)1
(12,17,3)1
(17,19,3)1
(19,17,3)1
(17,28,3)1
(28,17,3)1
(17,31,3)1
(31,17,3)1
(18,1,1)1
(1,18,1)1
(18,14,1)1
(14,18,1)1
(18,16,1)1
(16,18,1)1
(18,21,1)1
(21,18,1)1
(18,23,1)1
(23,18,1)1
(18,26,1)1
(26,18,1)1
(18,29,1)1
(29,18,1)1
(19,3,3)1
(3,19,3)1
(19,5,3)1
(5,19,3)1
(19,10,3)1
(10,19,3)1
(19,12,3)1
(12,19,3)1
(19,17,3)1
(17,19,3)1
(19,28,3)1
(28,19,3)1
(19,31,3)1
(31,19,3)1
(20,4,4)1
(4,20,4)1
(20,6,4)1
(6,20,4)1
(20,8,4)1
(8,20,4)1
(20,13,4)1
(13,20,4)1
(20,15,4)1
(15,20,4)1
(20,25,4)1
(25,20,4)1
(20,32,4)1
(32,20,4)1
(21,1,1)1
(1,21,1)1
(21,14,1)1
(14,21,1)1
(21,16,1)1
(16,21,1)1
(21,18,1)1
(18,21,1)1
(21,23,1)1
(23,21,1)1
(21,26,1)1
(26,21,1)1
(21,29,1)1
(29,21,1)1
(22,2,2)1
(2,22,2)1
(22,7,2)1
(7,22,2)1
(22,9,2)1
(9,22,2)1
(22,11,2)1
(11,22,2)1
(22,24,2)1
(24,22,2)1
(22,27,2)1
(27,22,2)1
(22,30,2)1
(30,22,2)1
(23,1,1)1
(1,23,1)1
(23,14,1)1
(14,23,1)1
(23,16,1)1
(16,23,1)1
(23,18,1)1
(18,23,1)1
(23,21,1)1
(21,23,1)1
(23,26,1)1
(26,23,1)1
(23,29,1)1
(29,23,1)1
(24,2,2)1
(2,24,2)1
(24,7,2)1
(7,24,2)1
(24,9,2)1
(9,24,2)1
(24,11,2)1
(11,24,2)1
(24,22,2)1
(22,24,2)1
(24,27,2)1
(27,24,2)1
(24,30,2)1
(30,24,2)1
(25,4,4)1
(4,25,4)1
(25,6,4)1
(6,25,4)1
(25,8,4)1
(8,25,4)1
(25,13,4)1
(13,25,4)1
(25,15,4)1
(15,25,4)1
(25,20,4)1
(20,25,4)1
(25,32,4)1
(32,25,4)1
(26,1,1)1
(1,26,1)1
(26,14,1)1
(14,26,1)1
(26,16,1)1
(16,26,1)1
(26,18,1)1
(18,26,1)1
(26,21,1)1
(21,26,1)1
(26,23,1)1
(23,26,1)1
(26,29,1)1
(29,26,1)1
(27,2,2)1
(2,27,2)1
(27,7,2)1
(7,27,2)1
(27,9,2)1
(9,27,2)1
(27,11,2)1
(11,27,2)1
(27,22,2)1
(22,27,2)1
(27,24,2)1
(24,27,2)1
(27,30,2)1
(30,27,2)1
(28,3,3)1
(3,28,3)1
(28,5,3)1
(5,28,3)1
(28,10,3)1
(10,28,3)1
(28,12,3)1
(12,28,3)1
(28,17,3)1
(17,28,3)1
(28,19,3)1
(19,28,3)1
(28,31,3)1
(31,28,3)1
(29,1,1)1
(1,29,1)1
(29,14,1)1
(14,29,1)1
(29,16,1)1
(16,29,1)1
(29,18,1)1
(18,29,1)1
(29,21,1)1
(21,29,1)1
(29,23,1)1
(23,29,1)1
(29,26,1)1
(26,29,1)1
(30,2,2)1
(2,30,2)1
(30,7,2)1
(7,30,2)1
(30,9,2)1
(9,30,2)1
(30,11,2)1
(11,30,2)1
(30,22,2)1
(22,30,2)1
(30,24,2)1
(24,30,2)1
(30,27,2)1
(27,30,2)1
(31,3,3)1
(3,31,3)1
(31,5,3)1
(5,31,3)1
(31,10,3)1
(10,31,3)1
(31,12,3)1
(12,31,3)1
(31,17,3)1
(17,31,3)1
(31,19,3)1
(19,31,3)1
(31,28,3)1
(28,31,3)1
(32,4,4)1
(4,32,4)1
(32,6,4)1
(6,32,4)1
(32,8,4)1
(8,32,4)1
(32,13,4)1
(13,32,4)1
(32,15,4)1
(15,32,4)1
(32,20,4)1
(20,32,4)1
(32,25,4)1
(25,32,4)1
]
 
