Slabel:[
(1)'S1'
(2)'S2'
(3)'S3'
(4)'S4'
]

Dlabel:[
]

cost:[
(1, 2)10
(1, 3)19
(1, 4)28
(2, 1)10
(2, 3)10
(2, 4)19
(3, 1)19
(3, 2)10
(3, 4)10
(4, 1)28
(4, 2)19
(4, 3)10
]

u:100
m:5
Q:50

stat:[
(1)1
(2)2
(3)3
(4)4
(5)1
(6)2
(7)3
(8)4
(9)2
(10)3
(11)4
(12)1
(13)3
(14)4
(15)1
(16)2
(17)4
(18)1
(19)2
(20)3
(21)3
(22)4
(23)2
(24)4
(25)2
(26)3
(27)1
(28)4
(29)1
(30)3
(31)1
(32)2
]

b:[
(1, 2)50
(1, 3)50
(1, 4)50
(2, 1)50
(2, 3)50
(2, 4)50
(3, 1)50
(3, 2)50
(3, 4)50
(4, 1)50
(4, 2)50
(4, 3)50
]

Ar:[
(5, 6, 1)1
(6, 5, 1)1
(6, 7, 1)1
(7, 6, 1)1
(7, 8, 1)1
(8, 7, 1)1
(9, 10, 2)1
(10, 9, 2)1
(10, 11, 2)1
(11, 10, 2)1
(12, 13, 3)1
(13, 12, 3)1
(13, 14, 3)1
(14, 13, 3)1
(15, 16, 4)1
(16, 15, 4)1
(16, 17, 4)1
(17, 16, 4)1
(18, 19, 5)1
(19, 18, 5)1
(19, 20, 5)1
(20, 19, 5)1
(21, 22, 6)1
(22, 21, 6)1
(23, 24, 7)1
(24, 23, 7)1
(25, 26, 8)1
(26, 25, 8)1
(27, 28, 9)1
(28, 27, 9)1
(29, 30, 10)1
(30, 29, 10)1
(31, 32, 11)1
(32, 31, 11)1
]

As:[
(1, 5, 1)1
(1, 12, 1)1
(1, 15, 1)1
(1, 18, 1)1
(1, 27, 1)1
(1, 29, 1)1
(1, 31, 1)1
(2, 6, 2)1
(2, 9, 2)1
(2, 16, 2)1
(2, 19, 2)1
(2, 23, 2)1
(2, 25, 2)1
(2, 32, 2)1
(3, 7, 3)1
(3, 10, 3)1
(3, 13, 3)1
(3, 20, 3)1
(3, 21, 3)1
(3, 26, 3)1
(3, 30, 3)1
(4, 8, 4)1
(4, 11, 4)1
(4, 14, 4)1
(4, 17, 4)1
(4, 22, 4)1
(4, 24, 4)1
(4, 28, 4)1
(5, 1, 1)1
(5, 12, 1)1
(5, 15, 1)1
(5, 18, 1)1
(5, 27, 1)1
(5, 29, 1)1
(5, 31, 1)1
(6, 2, 2)1
(6, 9, 2)1
(6, 16, 2)1
(6, 19, 2)1
(6, 23, 2)1
(6, 25, 2)1
(6, 32, 2)1
(7, 3, 3)1
(7, 10, 3)1
(7, 13, 3)1
(7, 20, 3)1
(7, 21, 3)1
(7, 26, 3)1
(7, 30, 3)1
(8, 4, 4)1
(8, 11, 4)1
(8, 14, 4)1
(8, 17, 4)1
(8, 22, 4)1
(8, 24, 4)1
(8, 28, 4)1
(9, 2, 2)1
(9, 6, 2)1
(9, 16, 2)1
(9, 19, 2)1
(9, 23, 2)1
(9, 25, 2)1
(9, 32, 2)1
(10, 3, 3)1
(10, 7, 3)1
(10, 13, 3)1
(10, 20, 3)1
(10, 21, 3)1
(10, 26, 3)1
(10, 30, 3)1
(11, 4, 4)1
(11, 8, 4)1
(11, 14, 4)1
(11, 17, 4)1
(11, 22, 4)1
(11, 24, 4)1
(11, 28, 4)1
(12, 1, 1)1
(12, 5, 1)1
(12, 15, 1)1
(12, 18, 1)1
(12, 27, 1)1
(12, 29, 1)1
(12, 31, 1)1
(13, 3, 3)1
(13, 7, 3)1
(13, 10, 3)1
(13, 20, 3)1
(13, 21, 3)1
(13, 26, 3)1
(13, 30, 3)1
(14, 4, 4)1
(14, 8, 4)1
(14, 11, 4)1
(14, 17, 4)1
(14, 22, 4)1
(14, 24, 4)1
(14, 28, 4)1
(15, 1, 1)1
(15, 5, 1)1
(15, 12, 1)1
(15, 18, 1)1
(15, 27, 1)1
(15, 29, 1)1
(15, 31, 1)1
(16, 2, 2)1
(16, 6, 2)1
(16, 9, 2)1
(16, 19, 2)1
(16, 23, 2)1
(16, 25, 2)1
(16, 32, 2)1
(17, 4, 4)1
(17, 8, 4)1
(17, 11, 4)1
(17, 14, 4)1
(17, 22, 4)1
(17, 24, 4)1
(17, 28, 4)1
(18, 1, 1)1
(18, 5, 1)1
(18, 12, 1)1
(18, 15, 1)1
(18, 27, 1)1
(18, 29, 1)1
(18, 31, 1)1
(19, 2, 2)1
(19, 6, 2)1
(19, 9, 2)1
(19, 16, 2)1
(19, 23, 2)1
(19, 25, 2)1
(19, 32, 2)1
(20, 3, 3)1
(20, 7, 3)1
(20, 10, 3)1
(20, 13, 3)1
(20, 21, 3)1
(20, 26, 3)1
(20, 30, 3)1
(21, 3, 3)1
(21, 7, 3)1
(21, 10, 3)1
(21, 13, 3)1
(21, 20, 3)1
(21, 26, 3)1
(21, 30, 3)1
(22, 4, 4)1
(22, 8, 4)1
(22, 11, 4)1
(22, 14, 4)1
(22, 17, 4)1
(22, 24, 4)1
(22, 28, 4)1
(23, 2, 2)1
(23, 6, 2)1
(23, 9, 2)1
(23, 16, 2)1
(23, 19, 2)1
(23, 25, 2)1
(23, 32, 2)1
(24, 4, 4)1
(24, 8, 4)1
(24, 11, 4)1
(24, 14, 4)1
(24, 17, 4)1
(24, 22, 4)1
(24, 28, 4)1
(25, 2, 2)1
(25, 6, 2)1
(25, 9, 2)1
(25, 16, 2)1
(25, 19, 2)1
(25, 23, 2)1
(25, 32, 2)1
(26, 3, 3)1
(26, 7, 3)1
(26, 10, 3)1
(26, 13, 3)1
(26, 20, 3)1
(26, 21, 3)1
(26, 30, 3)1
(27, 1, 1)1
(27, 5, 1)1
(27, 12, 1)1
(27, 15, 1)1
(27, 18, 1)1
(27, 29, 1)1
(27, 31, 1)1
(28, 4, 4)1
(28, 8, 4)1
(28, 11, 4)1
(28, 14, 4)1
(28, 17, 4)1
(28, 22, 4)1
(28, 24, 4)1
(29, 1, 1)1
(29, 5, 1)1
(29, 12, 1)1
(29, 15, 1)1
(29, 18, 1)1
(29, 27, 1)1
(29, 31, 1)1
(30, 3, 3)1
(30, 7, 3)1
(30, 10, 3)1
(30, 13, 3)1
(30, 20, 3)1
(30, 21, 3)1
(30, 26, 3)1
(31, 1, 1)1
(31, 5, 1)1
(31, 12, 1)1
(31, 15, 1)1
(31, 18, 1)1
(31, 27, 1)1
(31, 29, 1)1
(32, 2, 2)1
(32, 6, 2)1
(32, 9, 2)1
(32, 16, 2)1
(32, 19, 2)1
(32, 23, 2)1
(32, 25, 2)1
]

