-----------------------------------------Solucion----------------------------------------- 
valor objetivo: 267000.0
 -----------------------------------------Rutas----------------------------------------- 
rutas.append((1,1,1,1,0,1,1,1,1,1,1,1)) 
rutas.append((1,1,1,1,1,0,1,1,1,1,1,1)) 
rutas.append((1,1,1,1,1,1,0,1,1,1,1,1)) 
rutas.append((1,0,0,0,0,0,0,0,0,0,0,1)) 
rutas.append((1,0,0,0,0,0,1,0,0,0,0,1)) 
rutas.append((1,0,0,0,1,0,0,0,0,1,0,1)) 
rutas.append((1,0,1,0,0,0,0,1,0,0,0,1)) 
rutas.append((0,1,0,0,0,0,1,0,0,0,1,0)) 
rutas.append((1,0,0,1,0,0,0,0,1,0,0,1)) 
rutas.append((0,1,0,0,1,0,0,1,0,0,1,0)) 
rutas.append((1,0,1,0,0,0,1,0,0,1,0,0)) 
rutas.append((0,1,0,1,0,0,1,0,1,0,1,0)) 
rutas.append((0,1,0,0,0,1,0,0,0,1,0,0)) 
rutas.append((0,0,1,0,1,0,0,0,0,0,1,0)) 
rutas.append((1,0,0,0,0,0,0,1,0,1,0,0)) 
rutas.append((0,0,1,0,0,1,0,0,0,0,0,1)) 
rutas.append((1,0,0,0,0,1,0,0,1,0,0,0)) 
rutas.append((0,0,1,0,0,1,0,0,0,0,1,0)) 
rutas.append((0,1,0,0,0,0,0,0,1,0,0,0)) 
rutas.append((0,1,0,0,0,0,0,1,0,0,0,0)) 
rutas.append((1,0,0,0,0,0,0,0,0,0,1,0)) 
rutas.append((0,1,0,1,0,0,0,0,0,0,1,0)) 
rutas.append((0,0,1,0,0,0,0,0,0,1,0,0)) 
rutas.append((0,1,0,0,0,0,0,0,0,1,0,0)) 
rutas.append((0,1,0,0,0,0,0,0,0,0,1,0)) 
rutas.append((0,1,0,1,0,0,0,0,0,0,0,1)) 
rutas.append((0,1,0,1,0,0,0,1,0,0,0,0)) 
rutas.append((1,0,0,0,0,0,0,0,1,0,0,0)) 
rutas.append((0,1,0,0,0,0,0,0,0,0,0,1)) 
rutas.append((0,0,1,0,0,0,0,0,0,0,0,1)) 
rutas.append((0,0,1,0,1,0,0,0,0,0,0,1)) 
rutas.append((0,1,0,1,0,0,0,0,0,1,0,0)) 
rutas.append((0,0,1,0,0,0,0,0,1,0,0,0)) 
rutas.append((0,0,1,0,1,0,0,0,1,0,0,0)) 
rutas.append((1,0,0,0,0,0,0,0,0,1,0,0)) 
rutas.append((1,0,1,0,0,0,0,0,0,0,1,0)) 
