Slabel:[
(1)'S1'
(2)'S2'
(3)'S3'
]

Dlabel:[
]

cost:[
(1, 2)10
(1, 3)19
(2, 1)10
(2, 3)10
(3, 1)19
(3, 2)10
]

u:100
m:5
Q:50

stat:[
(1)1
(2)2
(3)3
(4)3
(5)2
(6)3
(7)1
(8)3
(9)1
(10)2
]

b:[
(1, 2)50
(1, 3)50
(2, 1)50
(2, 3)50
(3, 1)50
(3, 2)50
]

Ar:[
(5, 6, 2)1
(6, 5, 2)1
(7, 8, 3)1
(8, 7, 3)1
(9, 10, 4)1
(10, 9, 4)1
]

As:[
(1, 7, 1)1
(1, 9, 1)1
(2, 5, 2)1
(2, 10, 2)1
(3, 4, 3)1
(3, 6, 3)1
(3, 8, 3)1
(4, 3, 3)1
(4, 6, 3)1
(4, 8, 3)1
(5, 2, 2)1
(5, 10, 2)1
(6, 3, 3)1
(6, 4, 3)1
(6, 8, 3)1
(7, 1, 1)1
(7, 9, 1)1
(8, 3, 3)1
(8, 4, 3)1
(8, 6, 3)1
(9, 1, 1)1
(9, 7, 1)1
(10, 2, 2)1
(10, 5, 2)1
]

