Slabel:[
(1)'S1'
(2)'S2'
(3)'S3'
(4)'S4'
]

Dlabel:[
]

cost:[
(1, 2)10
(1, 3)19
(1, 4)28
(2, 1)10
(2, 3)10
(2, 4)19
(3, 1)19
(3, 2)10
(3, 4)10
(4, 1)28
(4, 2)19
(4, 3)10
]

u:100
m:5
Q:50

stat:[
(1)1
(2)2
(3)3
(4)4
(5)3
(6)4
(7)2
(8)4
(9)2
(10)3
(11)1
(12)4
(13)1
(14)3
(15)1
(16)2
]

b:[
(1, 2)10
(1, 3)20
(1, 4)30
(2, 1)40
(2, 3)50
(2, 4)60
(3, 1)70
(3, 2)80
(3, 4)90
(4, 1)100
(4, 2)110
(4, 3)120
]

Ar:[
(5, 6, 1)1
(6, 5, 1)1
(7, 8, 2)1
(8, 7, 2)1
(9, 10, 3)1
(10, 9, 3)1
(11, 12, 4)1
(12, 11, 4)1
(13, 14, 5)1
(14, 13, 5)1
(15, 16, 6)1
(16, 15, 6)1
]

As:[
(1, 11, 1)1
(1, 13, 1)1
(1, 15, 1)1
(2, 7, 2)1
(2, 9, 2)1
(2, 16, 2)1
(3, 5, 3)1
(3, 10, 3)1
(3, 14, 3)1
(4, 6, 4)1
(4, 8, 4)1
(4, 12, 4)1
(5, 3, 3)1
(5, 10, 3)1
(5, 14, 3)1
(6, 4, 4)1
(6, 8, 4)1
(6, 12, 4)1
(7, 2, 2)1
(7, 9, 2)1
(7, 16, 2)1
(8, 4, 4)1
(8, 6, 4)1
(8, 12, 4)1
(9, 2, 2)1
(9, 7, 2)1
(9, 16, 2)1
(10, 3, 3)1
(10, 5, 3)1
(10, 14, 3)1
(11, 1, 1)1
(11, 13, 1)1
(11, 15, 1)1
(12, 4, 4)1
(12, 6, 4)1
(12, 8, 4)1
(13, 1, 1)1
(13, 11, 1)1
(13, 15, 1)1
(14, 3, 3)1
(14, 5, 3)1
(14, 10, 3)1
(15, 1, 1)1
(15, 11, 1)1
(15, 13, 1)1
(16, 2, 2)1
(16, 7, 2)1
(16, 9, 2)1
]

