Slabel:[
(1)'S1'
(2)'S2'
(3)'S3'
(4)'S4'
(5)'S5'
]

Dlabel:[
]

cost:[
(1, 2)10
(1, 3)19
(1, 4)28
(1, 5)37
(2, 1)10
(2, 3)10
(2, 4)19
(2, 5)28
(3, 1)19
(3, 2)10
(3, 4)10
(3, 5)19
(4, 1)28
(4, 2)19
(4, 3)10
(4, 5)10
(5, 1)37
(5, 2)28
(5, 3)19
(5, 4)10
]

u:100
m:5
Q:50

stat:[
(1)1
(2)2
(3)3
(4)4
(5)5
(6)3
(7)5
(8)3
(9)4
(10)5
(11)2
(12)5
(13)2
(14)4
(15)2
(16)4
(17)5
(18)2
(19)3
(20)5
(21)2
(22)3
(23)4
(24)5
(25)1
(26)5
(27)1
(28)4
(29)1
(30)4
(31)5
(32)1
(33)3
(34)5
(35)1
(36)3
(37)4
(38)5
(39)1
(40)2
(41)5
(42)1
(43)2
(44)4
(45)1
(46)2
(47)4
(48)5
(49)1
(50)2
(51)3
(52)5
]

b:[
(1, 2)10
(1, 3)20
(1, 4)30
(1, 5)40
(2, 1)50
(2, 3)60
(2, 4)70
(2, 5)80
(3, 1)90
(3, 2)100
(3, 4)110
(3, 5)120
(4, 1)130
(4, 2)140
(4, 3)150
(4, 5)160
(5, 1)170
(5, 2)180
(5, 3)190
(5, 4)200
]

Ar:[
(6, 7, 1)1
(7, 6, 1)1
(8, 9, 2)1
(9, 8, 2)1
(9, 10, 2)1
(10, 9, 2)1
(11, 12, 3)1
(12, 11, 3)1
(13, 14, 4)1
(14, 13, 4)1
(15, 16, 5)1
(16, 15, 5)1
(16, 17, 5)1
(17, 16, 5)1
(18, 19, 6)1
(19, 18, 6)1
(19, 20, 6)1
(20, 19, 6)1
(21, 22, 7)1
(22, 21, 7)1
(22, 23, 7)1
(23, 22, 7)1
(23, 24, 7)1
(24, 23, 7)1
(25, 26, 8)1
(26, 25, 8)1
(27, 28, 9)1
(28, 27, 9)1
(29, 30, 10)1
(30, 29, 10)1
(30, 31, 10)1
(31, 30, 10)1
(32, 33, 11)1
(33, 32, 11)1
(33, 34, 11)1
(34, 33, 11)1
(35, 36, 12)1
(36, 35, 12)1
(36, 37, 12)1
(37, 36, 12)1
(37, 38, 12)1
(38, 37, 12)1
(39, 40, 13)1
(40, 39, 13)1
(40, 41, 13)1
(41, 40, 13)1
(42, 43, 14)1
(43, 42, 14)1
(43, 44, 14)1
(44, 43, 14)1
(45, 46, 15)1
(46, 45, 15)1
(46, 47, 15)1
(47, 46, 15)1
(47, 48, 15)1
(48, 47, 15)1
(49, 50, 16)1
(50, 49, 16)1
(50, 51, 16)1
(51, 50, 16)1
(51, 52, 16)1
(52, 51, 16)1
]

As:[
(1, 25, 1)1
(1, 27, 1)1
(1, 29, 1)1
(1, 32, 1)1
(1, 35, 1)1
(1, 39, 1)1
(1, 42, 1)1
(1, 45, 1)1
(1, 49, 1)1
(2, 11, 2)1
(2, 13, 2)1
(2, 15, 2)1
(2, 18, 2)1
(2, 21, 2)1
(2, 40, 2)1
(2, 43, 2)1
(2, 46, 2)1
(2, 50, 2)1
(3, 6, 3)1
(3, 8, 3)1
(3, 19, 3)1
(3, 22, 3)1
(3, 33, 3)1
(3, 36, 3)1
(3, 51, 3)1
(4, 9, 4)1
(4, 14, 4)1
(4, 16, 4)1
(4, 23, 4)1
(4, 28, 4)1
(4, 30, 4)1
(4, 37, 4)1
(4, 44, 4)1
(4, 47, 4)1
(5, 7, 5)1
(5, 10, 5)1
(5, 12, 5)1
(5, 17, 5)1
(5, 20, 5)1
(5, 24, 5)1
(5, 26, 5)1
(5, 31, 5)1
(5, 34, 5)1
(5, 38, 5)1
(5, 41, 5)1
(5, 48, 5)1
(5, 52, 5)1
(6, 3, 3)1
(6, 8, 3)1
(6, 19, 3)1
(6, 22, 3)1
(6, 33, 3)1
(6, 36, 3)1
(6, 51, 3)1
(7, 5, 5)1
(7, 10, 5)1
(7, 12, 5)1
(7, 17, 5)1
(7, 20, 5)1
(7, 24, 5)1
(7, 26, 5)1
(7, 31, 5)1
(7, 34, 5)1
(7, 38, 5)1
(7, 41, 5)1
(7, 48, 5)1
(7, 52, 5)1
(8, 3, 3)1
(8, 6, 3)1
(8, 19, 3)1
(8, 22, 3)1
(8, 33, 3)1
(8, 36, 3)1
(8, 51, 3)1
(9, 4, 4)1
(9, 14, 4)1
(9, 16, 4)1
(9, 23, 4)1
(9, 28, 4)1
(9, 30, 4)1
(9, 37, 4)1
(9, 44, 4)1
(9, 47, 4)1
(10, 5, 5)1
(10, 7, 5)1
(10, 12, 5)1
(10, 17, 5)1
(10, 20, 5)1
(10, 24, 5)1
(10, 26, 5)1
(10, 31, 5)1
(10, 34, 5)1
(10, 38, 5)1
(10, 41, 5)1
(10, 48, 5)1
(10, 52, 5)1
(11, 2, 2)1
(11, 13, 2)1
(11, 15, 2)1
(11, 18, 2)1
(11, 21, 2)1
(11, 40, 2)1
(11, 43, 2)1
(11, 46, 2)1
(11, 50, 2)1
(12, 5, 5)1
(12, 7, 5)1
(12, 10, 5)1
(12, 17, 5)1
(12, 20, 5)1
(12, 24, 5)1
(12, 26, 5)1
(12, 31, 5)1
(12, 34, 5)1
(12, 38, 5)1
(12, 41, 5)1
(12, 48, 5)1
(12, 52, 5)1
(13, 2, 2)1
(13, 11, 2)1
(13, 15, 2)1
(13, 18, 2)1
(13, 21, 2)1
(13, 40, 2)1
(13, 43, 2)1
(13, 46, 2)1
(13, 50, 2)1
(14, 4, 4)1
(14, 9, 4)1
(14, 16, 4)1
(14, 23, 4)1
(14, 28, 4)1
(14, 30, 4)1
(14, 37, 4)1
(14, 44, 4)1
(14, 47, 4)1
(15, 2, 2)1
(15, 11, 2)1
(15, 13, 2)1
(15, 18, 2)1
(15, 21, 2)1
(15, 40, 2)1
(15, 43, 2)1
(15, 46, 2)1
(15, 50, 2)1
(16, 4, 4)1
(16, 9, 4)1
(16, 14, 4)1
(16, 23, 4)1
(16, 28, 4)1
(16, 30, 4)1
(16, 37, 4)1
(16, 44, 4)1
(16, 47, 4)1
(17, 5, 5)1
(17, 7, 5)1
(17, 10, 5)1
(17, 12, 5)1
(17, 20, 5)1
(17, 24, 5)1
(17, 26, 5)1
(17, 31, 5)1
(17, 34, 5)1
(17, 38, 5)1
(17, 41, 5)1
(17, 48, 5)1
(17, 52, 5)1
(18, 2, 2)1
(18, 11, 2)1
(18, 13, 2)1
(18, 15, 2)1
(18, 21, 2)1
(18, 40, 2)1
(18, 43, 2)1
(18, 46, 2)1
(18, 50, 2)1
(19, 3, 3)1
(19, 6, 3)1
(19, 8, 3)1
(19, 22, 3)1
(19, 33, 3)1
(19, 36, 3)1
(19, 51, 3)1
(20, 5, 5)1
(20, 7, 5)1
(20, 10, 5)1
(20, 12, 5)1
(20, 17, 5)1
(20, 24, 5)1
(20, 26, 5)1
(20, 31, 5)1
(20, 34, 5)1
(20, 38, 5)1
(20, 41, 5)1
(20, 48, 5)1
(20, 52, 5)1
(21, 2, 2)1
(21, 11, 2)1
(21, 13, 2)1
(21, 15, 2)1
(21, 18, 2)1
(21, 40, 2)1
(21, 43, 2)1
(21, 46, 2)1
(21, 50, 2)1
(22, 3, 3)1
(22, 6, 3)1
(22, 8, 3)1
(22, 19, 3)1
(22, 33, 3)1
(22, 36, 3)1
(22, 51, 3)1
(23, 4, 4)1
(23, 9, 4)1
(23, 14, 4)1
(23, 16, 4)1
(23, 28, 4)1
(23, 30, 4)1
(23, 37, 4)1
(23, 44, 4)1
(23, 47, 4)1
(24, 5, 5)1
(24, 7, 5)1
(24, 10, 5)1
(24, 12, 5)1
(24, 17, 5)1
(24, 20, 5)1
(24, 26, 5)1
(24, 31, 5)1
(24, 34, 5)1
(24, 38, 5)1
(24, 41, 5)1
(24, 48, 5)1
(24, 52, 5)1
(25, 1, 1)1
(25, 27, 1)1
(25, 29, 1)1
(25, 32, 1)1
(25, 35, 1)1
(25, 39, 1)1
(25, 42, 1)1
(25, 45, 1)1
(25, 49, 1)1
(26, 5, 5)1
(26, 7, 5)1
(26, 10, 5)1
(26, 12, 5)1
(26, 17, 5)1
(26, 20, 5)1
(26, 24, 5)1
(26, 31, 5)1
(26, 34, 5)1
(26, 38, 5)1
(26, 41, 5)1
(26, 48, 5)1
(26, 52, 5)1
(27, 1, 1)1
(27, 25, 1)1
(27, 29, 1)1
(27, 32, 1)1
(27, 35, 1)1
(27, 39, 1)1
(27, 42, 1)1
(27, 45, 1)1
(27, 49, 1)1
(28, 4, 4)1
(28, 9, 4)1
(28, 14, 4)1
(28, 16, 4)1
(28, 23, 4)1
(28, 30, 4)1
(28, 37, 4)1
(28, 44, 4)1
(28, 47, 4)1
(29, 1, 1)1
(29, 25, 1)1
(29, 27, 1)1
(29, 32, 1)1
(29, 35, 1)1
(29, 39, 1)1
(29, 42, 1)1
(29, 45, 1)1
(29, 49, 1)1
(30, 4, 4)1
(30, 9, 4)1
(30, 14, 4)1
(30, 16, 4)1
(30, 23, 4)1
(30, 28, 4)1
(30, 37, 4)1
(30, 44, 4)1
(30, 47, 4)1
(31, 5, 5)1
(31, 7, 5)1
(31, 10, 5)1
(31, 12, 5)1
(31, 17, 5)1
(31, 20, 5)1
(31, 24, 5)1
(31, 26, 5)1
(31, 34, 5)1
(31, 38, 5)1
(31, 41, 5)1
(31, 48, 5)1
(31, 52, 5)1
(32, 1, 1)1
(32, 25, 1)1
(32, 27, 1)1
(32, 29, 1)1
(32, 35, 1)1
(32, 39, 1)1
(32, 42, 1)1
(32, 45, 1)1
(32, 49, 1)1
(33, 3, 3)1
(33, 6, 3)1
(33, 8, 3)1
(33, 19, 3)1
(33, 22, 3)1
(33, 36, 3)1
(33, 51, 3)1
(34, 5, 5)1
(34, 7, 5)1
(34, 10, 5)1
(34, 12, 5)1
(34, 17, 5)1
(34, 20, 5)1
(34, 24, 5)1
(34, 26, 5)1
(34, 31, 5)1
(34, 38, 5)1
(34, 41, 5)1
(34, 48, 5)1
(34, 52, 5)1
(35, 1, 1)1
(35, 25, 1)1
(35, 27, 1)1
(35, 29, 1)1
(35, 32, 1)1
(35, 39, 1)1
(35, 42, 1)1
(35, 45, 1)1
(35, 49, 1)1
(36, 3, 3)1
(36, 6, 3)1
(36, 8, 3)1
(36, 19, 3)1
(36, 22, 3)1
(36, 33, 3)1
(36, 51, 3)1
(37, 4, 4)1
(37, 9, 4)1
(37, 14, 4)1
(37, 16, 4)1
(37, 23, 4)1
(37, 28, 4)1
(37, 30, 4)1
(37, 44, 4)1
(37, 47, 4)1
(38, 5, 5)1
(38, 7, 5)1
(38, 10, 5)1
(38, 12, 5)1
(38, 17, 5)1
(38, 20, 5)1
(38, 24, 5)1
(38, 26, 5)1
(38, 31, 5)1
(38, 34, 5)1
(38, 41, 5)1
(38, 48, 5)1
(38, 52, 5)1
(39, 1, 1)1
(39, 25, 1)1
(39, 27, 1)1
(39, 29, 1)1
(39, 32, 1)1
(39, 35, 1)1
(39, 42, 1)1
(39, 45, 1)1
(39, 49, 1)1
(40, 2, 2)1
(40, 11, 2)1
(40, 13, 2)1
(40, 15, 2)1
(40, 18, 2)1
(40, 21, 2)1
(40, 43, 2)1
(40, 46, 2)1
(40, 50, 2)1
(41, 5, 5)1
(41, 7, 5)1
(41, 10, 5)1
(41, 12, 5)1
(41, 17, 5)1
(41, 20, 5)1
(41, 24, 5)1
(41, 26, 5)1
(41, 31, 5)1
(41, 34, 5)1
(41, 38, 5)1
(41, 48, 5)1
(41, 52, 5)1
(42, 1, 1)1
(42, 25, 1)1
(42, 27, 1)1
(42, 29, 1)1
(42, 32, 1)1
(42, 35, 1)1
(42, 39, 1)1
(42, 45, 1)1
(42, 49, 1)1
(43, 2, 2)1
(43, 11, 2)1
(43, 13, 2)1
(43, 15, 2)1
(43, 18, 2)1
(43, 21, 2)1
(43, 40, 2)1
(43, 46, 2)1
(43, 50, 2)1
(44, 4, 4)1
(44, 9, 4)1
(44, 14, 4)1
(44, 16, 4)1
(44, 23, 4)1
(44, 28, 4)1
(44, 30, 4)1
(44, 37, 4)1
(44, 47, 4)1
(45, 1, 1)1
(45, 25, 1)1
(45, 27, 1)1
(45, 29, 1)1
(45, 32, 1)1
(45, 35, 1)1
(45, 39, 1)1
(45, 42, 1)1
(45, 49, 1)1
(46, 2, 2)1
(46, 11, 2)1
(46, 13, 2)1
(46, 15, 2)1
(46, 18, 2)1
(46, 21, 2)1
(46, 40, 2)1
(46, 43, 2)1
(46, 50, 2)1
(47, 4, 4)1
(47, 9, 4)1
(47, 14, 4)1
(47, 16, 4)1
(47, 23, 4)1
(47, 28, 4)1
(47, 30, 4)1
(47, 37, 4)1
(47, 44, 4)1
(48, 5, 5)1
(48, 7, 5)1
(48, 10, 5)1
(48, 12, 5)1
(48, 17, 5)1
(48, 20, 5)1
(48, 24, 5)1
(48, 26, 5)1
(48, 31, 5)1
(48, 34, 5)1
(48, 38, 5)1
(48, 41, 5)1
(48, 52, 5)1
(49, 1, 1)1
(49, 25, 1)1
(49, 27, 1)1
(49, 29, 1)1
(49, 32, 1)1
(49, 35, 1)1
(49, 39, 1)1
(49, 42, 1)1
(49, 45, 1)1
(50, 2, 2)1
(50, 11, 2)1
(50, 13, 2)1
(50, 15, 2)1
(50, 18, 2)1
(50, 21, 2)1
(50, 40, 2)1
(50, 43, 2)1
(50, 46, 2)1
(51, 3, 3)1
(51, 6, 3)1
(51, 8, 3)1
(51, 19, 3)1
(51, 22, 3)1
(51, 33, 3)1
(51, 36, 3)1
(52, 5, 5)1
(52, 7, 5)1
(52, 10, 5)1
(52, 12, 5)1
(52, 17, 5)1
(52, 20, 5)1
(52, 24, 5)1
(52, 26, 5)1
(52, 31, 5)1
(52, 34, 5)1
(52, 38, 5)1
(52, 41, 5)1
(52, 48, 5)1
]

