Slabel:[
(1)'S1'
(2)'S2'
(3)'S3'
(4)'S4'
]

Dlabel:[
]

cost:[
(1, 2)10
(1, 3)19
(1, 4)28
(2, 1)10
(2, 3)10
(2, 4)19
(3, 1)19
(3, 2)10
(3, 4)10
(4, 1)28
(4, 2)19
(4, 3)10
]

u:100
m:5
Q:50

stat:[
(1)1
(2)2
(3)3
(4)4
(5)2
(6)4
(7)1
(8)4
(9)1
(10)3
(11)4
(12)1
(13)2
(14)4
(15)1
(16)2
(17)3
(18)4
]

b:[
(1, 2)10
(1, 3)20
(1, 4)30
(2, 1)40
(2, 3)50
(2, 4)60
(3, 1)70
(3, 2)80
(3, 4)90
(4, 1)100
(4, 2)110
(4, 3)120
]

Ar:[
(5, 6, 1)1
(6, 5, 1)1
(7, 8, 2)1
(8, 7, 2)1
(9, 10, 3)1
(10, 9, 3)1
(10, 11, 3)1
(11, 10, 3)1
(12, 13, 4)1
(13, 12, 4)1
(13, 14, 4)1
(14, 13, 4)1
(15, 16, 5)1
(16, 15, 5)1
(16, 17, 5)1
(17, 16, 5)1
(17, 18, 5)1
(18, 17, 5)1
]

As:[
(1, 7, 1)1
(1, 9, 1)1
(1, 12, 1)1
(1, 15, 1)1
(2, 5, 2)1
(2, 13, 2)1
(2, 16, 2)1
(3, 10, 3)1
(3, 17, 3)1
(4, 6, 4)1
(4, 8, 4)1
(4, 11, 4)1
(4, 14, 4)1
(4, 18, 4)1
(5, 2, 2)1
(5, 13, 2)1
(5, 16, 2)1
(6, 4, 4)1
(6, 8, 4)1
(6, 11, 4)1
(6, 14, 4)1
(6, 18, 4)1
(7, 1, 1)1
(7, 9, 1)1
(7, 12, 1)1
(7, 15, 1)1
(8, 4, 4)1
(8, 6, 4)1
(8, 11, 4)1
(8, 14, 4)1
(8, 18, 4)1
(9, 1, 1)1
(9, 7, 1)1
(9, 12, 1)1
(9, 15, 1)1
(10, 3, 3)1
(10, 17, 3)1
(11, 4, 4)1
(11, 6, 4)1
(11, 8, 4)1
(11, 14, 4)1
(11, 18, 4)1
(12, 1, 1)1
(12, 7, 1)1
(12, 9, 1)1
(12, 15, 1)1
(13, 2, 2)1
(13, 5, 2)1
(13, 16, 2)1
(14, 4, 4)1
(14, 6, 4)1
(14, 8, 4)1
(14, 11, 4)1
(14, 18, 4)1
(15, 1, 1)1
(15, 7, 1)1
(15, 9, 1)1
(15, 12, 1)1
(16, 2, 2)1
(16, 5, 2)1
(16, 13, 2)1
(17, 3, 3)1
(17, 10, 3)1
(18, 4, 4)1
(18, 6, 4)1
(18, 8, 4)1
(18, 11, 4)1
(18, 14, 4)1
]

