Slabel:[
(1)'S1'
(2)'S2'
(3)'S3'
(4)'S4'
(5)'S5'
(6)'S6'
]

Dlabel:[
]

cost:[
(1, 2)10
(1, 3)19
(1, 4)28
(1, 5)37
(1, 6)46
(2, 1)10
(2, 3)10
(2, 4)19
(2, 5)28
(2, 6)37
(3, 1)19
(3, 2)10
(3, 4)10
(3, 5)19
(3, 6)28
(4, 1)28
(4, 2)19
(4, 3)10
(4, 5)10
(4, 6)19
(5, 1)37
(5, 2)28
(5, 3)19
(5, 4)10
(5, 6)10
(6, 1)46
(6, 2)37
(6, 3)28
(6, 4)19
(6, 5)10
]

u:100
m:5
Q:50

stat:[
(1)1
(2)2
(3)3
(4)4
(5)5
(6)6
(7)3
(8)6
(9)2
(10)6
(11)2
(12)5
(13)2
(14)4
(15)6
(16)1
(17)6
(18)1
(19)5
(20)1
(21)4
(22)6
(23)1
(24)3
(25)4
(26)5
(27)6
(28)1
(29)2
(30)3
(31)5
(32)6
]

b:[
(1, 2)10
(1, 3)20
(1, 4)30
(1, 5)40
(1, 6)50
(2, 1)60
(2, 3)70
(2, 4)80
(2, 5)90
(2, 6)100
(3, 1)110
(3, 2)120
(3, 4)130
(3, 5)140
(3, 6)150
(4, 1)160
(4, 2)170
(4, 3)180
(4, 5)190
(4, 6)200
(5, 1)210
(5, 2)220
(5, 3)230
(5, 4)240
(5, 6)250
(6, 1)260
(6, 2)270
(6, 3)280
(6, 4)290
(6, 5)300
]

Ar:[
(7, 8, 1)1
(8, 7, 1)1
(9, 10, 2)1
(10, 9, 2)1
(11, 12, 3)1
(12, 11, 3)1
(13, 14, 4)1
(14, 13, 4)1
(14, 15, 4)1
(15, 14, 4)1
(16, 17, 5)1
(17, 16, 5)1
(18, 19, 6)1
(19, 18, 6)1
(20, 21, 7)1
(21, 20, 7)1
(21, 22, 7)1
(22, 21, 7)1
(23, 24, 8)1
(24, 23, 8)1
(24, 25, 8)1
(25, 24, 8)1
(25, 26, 8)1
(26, 25, 8)1
(26, 27, 8)1
(27, 26, 8)1
(28, 29, 9)1
(29, 28, 9)1
(29, 30, 9)1
(30, 29, 9)1
(30, 31, 9)1
(31, 30, 9)1
(31, 32, 9)1
(32, 31, 9)1
]

As:[
(1, 16, 1)1
(1, 18, 1)1
(1, 20, 1)1
(1, 23, 1)1
(1, 28, 1)1
(2, 9, 2)1
(2, 11, 2)1
(2, 13, 2)1
(2, 29, 2)1
(3, 7, 3)1
(3, 24, 3)1
(3, 30, 3)1
(4, 14, 4)1
(4, 21, 4)1
(4, 25, 4)1
(5, 12, 5)1
(5, 19, 5)1
(5, 26, 5)1
(5, 31, 5)1
(6, 8, 6)1
(6, 10, 6)1
(6, 15, 6)1
(6, 17, 6)1
(6, 22, 6)1
(6, 27, 6)1
(6, 32, 6)1
(7, 3, 3)1
(7, 24, 3)1
(7, 30, 3)1
(8, 6, 6)1
(8, 10, 6)1
(8, 15, 6)1
(8, 17, 6)1
(8, 22, 6)1
(8, 27, 6)1
(8, 32, 6)1
(9, 2, 2)1
(9, 11, 2)1
(9, 13, 2)1
(9, 29, 2)1
(10, 6, 6)1
(10, 8, 6)1
(10, 15, 6)1
(10, 17, 6)1
(10, 22, 6)1
(10, 27, 6)1
(10, 32, 6)1
(11, 2, 2)1
(11, 9, 2)1
(11, 13, 2)1
(11, 29, 2)1
(12, 5, 5)1
(12, 19, 5)1
(12, 26, 5)1
(12, 31, 5)1
(13, 2, 2)1
(13, 9, 2)1
(13, 11, 2)1
(13, 29, 2)1
(14, 4, 4)1
(14, 21, 4)1
(14, 25, 4)1
(15, 6, 6)1
(15, 8, 6)1
(15, 10, 6)1
(15, 17, 6)1
(15, 22, 6)1
(15, 27, 6)1
(15, 32, 6)1
(16, 1, 1)1
(16, 18, 1)1
(16, 20, 1)1
(16, 23, 1)1
(16, 28, 1)1
(17, 6, 6)1
(17, 8, 6)1
(17, 10, 6)1
(17, 15, 6)1
(17, 22, 6)1
(17, 27, 6)1
(17, 32, 6)1
(18, 1, 1)1
(18, 16, 1)1
(18, 20, 1)1
(18, 23, 1)1
(18, 28, 1)1
(19, 5, 5)1
(19, 12, 5)1
(19, 26, 5)1
(19, 31, 5)1
(20, 1, 1)1
(20, 16, 1)1
(20, 18, 1)1
(20, 23, 1)1
(20, 28, 1)1
(21, 4, 4)1
(21, 14, 4)1
(21, 25, 4)1
(22, 6, 6)1
(22, 8, 6)1
(22, 10, 6)1
(22, 15, 6)1
(22, 17, 6)1
(22, 27, 6)1
(22, 32, 6)1
(23, 1, 1)1
(23, 16, 1)1
(23, 18, 1)1
(23, 20, 1)1
(23, 28, 1)1
(24, 3, 3)1
(24, 7, 3)1
(24, 30, 3)1
(25, 4, 4)1
(25, 14, 4)1
(25, 21, 4)1
(26, 5, 5)1
(26, 12, 5)1
(26, 19, 5)1
(26, 31, 5)1
(27, 6, 6)1
(27, 8, 6)1
(27, 10, 6)1
(27, 15, 6)1
(27, 17, 6)1
(27, 22, 6)1
(27, 32, 6)1
(28, 1, 1)1
(28, 16, 1)1
(28, 18, 1)1
(28, 20, 1)1
(28, 23, 1)1
(29, 2, 2)1
(29, 9, 2)1
(29, 11, 2)1
(29, 13, 2)1
(30, 3, 3)1
(30, 7, 3)1
(30, 24, 3)1
(31, 5, 5)1
(31, 12, 5)1
(31, 19, 5)1
(31, 26, 5)1
(32, 6, 6)1
(32, 8, 6)1
(32, 10, 6)1
(32, 15, 6)1
(32, 17, 6)1
(32, 22, 6)1
(32, 27, 6)1
]

