Slabel:[
(1)'S1'
(2)'S2'
(3)'S3'
(4)'S4'
(5)'S5'
(6)'S6'
(7)'S7'
]

Dlabel:[
]

cost:[
(1, 2)10
(1, 3)19
(1, 4)28
(1, 5)37
(1, 6)46
(1, 7)55
(2, 1)10
(2, 3)10
(2, 4)19
(2, 5)28
(2, 6)37
(2, 7)46
(3, 1)19
(3, 2)10
(3, 4)10
(3, 5)19
(3, 6)28
(3, 7)37
(4, 1)28
(4, 2)19
(4, 3)10
(4, 5)10
(4, 6)19
(4, 7)28
(5, 1)37
(5, 2)28
(5, 3)19
(5, 4)10
(5, 6)10
(5, 7)19
(6, 1)46
(6, 2)37
(6, 3)28
(6, 4)19
(6, 5)10
(6, 7)10
(7, 1)55
(7, 2)46
(7, 3)37
(7, 4)28
(7, 5)19
(7, 6)10
]

u:20
m:60
Q:50

stat:[
(1)1
(2)2
(3)3
(4)4
(5)5
(6)6
(7)7
(8)1
(9)5
(10)7
(11)1
(12)4
(13)6
(14)1
(15)3
(16)6
(17)7
(18)1
(19)3
(20)4
(21)7
(22)1
(23)2
(24)7
(25)1
(26)2
(27)6
(28)1
(29)2
(30)5
(31)1
(32)2
(33)4
(34)5
(35)1
(36)2
(37)3
(38)7
(39)1
(40)2
(41)3
(42)5
(43)6
(44)7
]

b:[
(1, 2)50
(1, 3)50
(1, 4)50
(1, 5)50
(1, 6)50
(1, 7)50
(2, 1)50
(2, 3)50
(2, 4)50
(2, 5)50
(2, 6)50
(2, 7)50
(3, 1)50
(3, 2)50
(3, 4)50
(3, 5)50
(3, 6)50
(3, 7)50
(4, 1)50
(4, 2)50
(4, 3)50
(4, 5)50
(4, 6)50
(4, 7)50
(5, 1)50
(5, 2)50
(5, 3)50
(5, 4)50
(5, 6)50
(5, 7)50
(6, 1)50
(6, 2)50
(6, 3)50
(6, 4)50
(6, 5)50
(6, 7)50
(7, 1)50
(7, 2)50
(7, 3)50
(7, 4)50
(7, 5)50
(7, 6)50
]

Ar:[
(8, 9, 1)1
(9, 8, 1)1
(9, 10, 1)1
(10, 9, 1)1
(11, 12, 2)1
(12, 11, 2)1
(12, 13, 2)1
(13, 12, 2)1
(14, 15, 3)1
(15, 14, 3)1
(15, 16, 3)1
(16, 15, 3)1
(16, 17, 3)1
(17, 16, 3)1
(18, 19, 4)1
(19, 18, 4)1
(19, 20, 4)1
(20, 19, 4)1
(20, 21, 4)1
(21, 20, 4)1
(22, 23, 5)1
(23, 22, 5)1
(23, 24, 5)1
(24, 23, 5)1
(25, 26, 6)1
(26, 25, 6)1
(26, 27, 6)1
(27, 26, 6)1
(28, 29, 7)1
(29, 28, 7)1
(29, 30, 7)1
(30, 29, 7)1
(31, 32, 8)1
(32, 31, 8)1
(32, 33, 8)1
(33, 32, 8)1
(33, 34, 8)1
(34, 33, 8)1
(35, 36, 9)1
(36, 35, 9)1
(36, 37, 9)1
(37, 36, 9)1
(37, 38, 9)1
(38, 37, 9)1
(39, 40, 10)1
(40, 39, 10)1
(40, 41, 10)1
(41, 40, 10)1
(41, 42, 10)1
(42, 41, 10)1
(42, 43, 10)1
(43, 42, 10)1
(43, 44, 10)1
(44, 43, 10)1
]

As:[
(1, 8, 1)1
(1, 11, 1)1
(1, 14, 1)1
(1, 18, 1)1
(1, 22, 1)1
(1, 25, 1)1
(1, 28, 1)1
(1, 31, 1)1
(1, 35, 1)1
(1, 39, 1)1
(2, 23, 2)1
(2, 26, 2)1
(2, 29, 2)1
(2, 32, 2)1
(2, 36, 2)1
(2, 40, 2)1
(3, 15, 3)1
(3, 19, 3)1
(3, 37, 3)1
(3, 41, 3)1
(4, 12, 4)1
(4, 20, 4)1
(4, 33, 4)1
(5, 9, 5)1
(5, 30, 5)1
(5, 34, 5)1
(5, 42, 5)1
(6, 13, 6)1
(6, 16, 6)1
(6, 27, 6)1
(6, 43, 6)1
(7, 10, 7)1
(7, 17, 7)1
(7, 21, 7)1
(7, 24, 7)1
(7, 38, 7)1
(7, 44, 7)1
(8, 1, 1)1
(8, 11, 1)1
(8, 14, 1)1
(8, 18, 1)1
(8, 22, 1)1
(8, 25, 1)1
(8, 28, 1)1
(8, 31, 1)1
(8, 35, 1)1
(8, 39, 1)1
(9, 5, 5)1
(9, 30, 5)1
(9, 34, 5)1
(9, 42, 5)1
(10, 7, 7)1
(10, 17, 7)1
(10, 21, 7)1
(10, 24, 7)1
(10, 38, 7)1
(10, 44, 7)1
(11, 1, 1)1
(11, 8, 1)1
(11, 14, 1)1
(11, 18, 1)1
(11, 22, 1)1
(11, 25, 1)1
(11, 28, 1)1
(11, 31, 1)1
(11, 35, 1)1
(11, 39, 1)1
(12, 4, 4)1
(12, 20, 4)1
(12, 33, 4)1
(13, 6, 6)1
(13, 16, 6)1
(13, 27, 6)1
(13, 43, 6)1
(14, 1, 1)1
(14, 8, 1)1
(14, 11, 1)1
(14, 18, 1)1
(14, 22, 1)1
(14, 25, 1)1
(14, 28, 1)1
(14, 31, 1)1
(14, 35, 1)1
(14, 39, 1)1
(15, 3, 3)1
(15, 19, 3)1
(15, 37, 3)1
(15, 41, 3)1
(16, 6, 6)1
(16, 13, 6)1
(16, 27, 6)1
(16, 43, 6)1
(17, 7, 7)1
(17, 10, 7)1
(17, 21, 7)1
(17, 24, 7)1
(17, 38, 7)1
(17, 44, 7)1
(18, 1, 1)1
(18, 8, 1)1
(18, 11, 1)1
(18, 14, 1)1
(18, 22, 1)1
(18, 25, 1)1
(18, 28, 1)1
(18, 31, 1)1
(18, 35, 1)1
(18, 39, 1)1
(19, 3, 3)1
(19, 15, 3)1
(19, 37, 3)1
(19, 41, 3)1
(20, 4, 4)1
(20, 12, 4)1
(20, 33, 4)1
(21, 7, 7)1
(21, 10, 7)1
(21, 17, 7)1
(21, 24, 7)1
(21, 38, 7)1
(21, 44, 7)1
(22, 1, 1)1
(22, 8, 1)1
(22, 11, 1)1
(22, 14, 1)1
(22, 18, 1)1
(22, 25, 1)1
(22, 28, 1)1
(22, 31, 1)1
(22, 35, 1)1
(22, 39, 1)1
(23, 2, 2)1
(23, 26, 2)1
(23, 29, 2)1
(23, 32, 2)1
(23, 36, 2)1
(23, 40, 2)1
(24, 7, 7)1
(24, 10, 7)1
(24, 17, 7)1
(24, 21, 7)1
(24, 38, 7)1
(24, 44, 7)1
(25, 1, 1)1
(25, 8, 1)1
(25, 11, 1)1
(25, 14, 1)1
(25, 18, 1)1
(25, 22, 1)1
(25, 28, 1)1
(25, 31, 1)1
(25, 35, 1)1
(25, 39, 1)1
(26, 2, 2)1
(26, 23, 2)1
(26, 29, 2)1
(26, 32, 2)1
(26, 36, 2)1
(26, 40, 2)1
(27, 6, 6)1
(27, 13, 6)1
(27, 16, 6)1
(27, 43, 6)1
(28, 1, 1)1
(28, 8, 1)1
(28, 11, 1)1
(28, 14, 1)1
(28, 18, 1)1
(28, 22, 1)1
(28, 25, 1)1
(28, 31, 1)1
(28, 35, 1)1
(28, 39, 1)1
(29, 2, 2)1
(29, 23, 2)1
(29, 26, 2)1
(29, 32, 2)1
(29, 36, 2)1
(29, 40, 2)1
(30, 5, 5)1
(30, 9, 5)1
(30, 34, 5)1
(30, 42, 5)1
(31, 1, 1)1
(31, 8, 1)1
(31, 11, 1)1
(31, 14, 1)1
(31, 18, 1)1
(31, 22, 1)1
(31, 25, 1)1
(31, 28, 1)1
(31, 35, 1)1
(31, 39, 1)1
(32, 2, 2)1
(32, 23, 2)1
(32, 26, 2)1
(32, 29, 2)1
(32, 36, 2)1
(32, 40, 2)1
(33, 4, 4)1
(33, 12, 4)1
(33, 20, 4)1
(34, 5, 5)1
(34, 9, 5)1
(34, 30, 5)1
(34, 42, 5)1
(35, 1, 1)1
(35, 8, 1)1
(35, 11, 1)1
(35, 14, 1)1
(35, 18, 1)1
(35, 22, 1)1
(35, 25, 1)1
(35, 28, 1)1
(35, 31, 1)1
(35, 39, 1)1
(36, 2, 2)1
(36, 23, 2)1
(36, 26, 2)1
(36, 29, 2)1
(36, 32, 2)1
(36, 40, 2)1
(37, 3, 3)1
(37, 15, 3)1
(37, 19, 3)1
(37, 41, 3)1
(38, 7, 7)1
(38, 10, 7)1
(38, 17, 7)1
(38, 21, 7)1
(38, 24, 7)1
(38, 44, 7)1
(39, 1, 1)1
(39, 8, 1)1
(39, 11, 1)1
(39, 14, 1)1
(39, 18, 1)1
(39, 22, 1)1
(39, 25, 1)1
(39, 28, 1)1
(39, 31, 1)1
(39, 35, 1)1
(40, 2, 2)1
(40, 23, 2)1
(40, 26, 2)1
(40, 29, 2)1
(40, 32, 2)1
(40, 36, 2)1
(41, 3, 3)1
(41, 15, 3)1
(41, 19, 3)1
(41, 37, 3)1
(42, 5, 5)1
(42, 9, 5)1
(42, 30, 5)1
(42, 34, 5)1
(43, 6, 6)1
(43, 13, 6)1
(43, 16, 6)1
(43, 27, 6)1
(44, 7, 7)1
(44, 10, 7)1
(44, 17, 7)1
(44, 21, 7)1
(44, 24, 7)1
(44, 38, 7)1
]

